inputDiff:0x40000001, outputDiff:0x00400000, boomerang weight:-8, rectangle weight:-3.9125371587496605
inputDiff:0x00000004, outputDiff:0x00400000, boomerang weight:-8, rectangle weight:0.0874628412503394
inputDiff:0x00010004, outputDiff:0x41000040, boomerang weight:-8, rectangle weight:-3.212913675448383
