inputDiff:0x80040400, outputDiff:0x00801080, boomerang weight:-44, rectangle weight:-29.094286751910364
inputDiff:0x1004A080, outputDiff:0x00801080, boomerang weight:-44, rectangle weight:-29.201593841563405
